SLU-AW01 722996.482 6172361.560 2.336
SLU-RW06 723075.814 6172357.600 2.288
SLU-RW12 723069.166 6172294.613 2.108
SLU-AW22 722985.440 6172359.079 2.270
SLU-AW22 722985.446 6172359.098 2.283
SLU-AW22 722985.438 6172359.075 2.265
SLU-AW24 722991.680 6172359.647 2.248
SLU-PZ01_1 723003.327 6172347.628 2.514
SLU-PZ01_2 723003.327 6172347.628 2.514
SLU-PZ02_1 723063.154 6172379.846 2.487
SLU-PZ02_2 723063.154 6172379.846 2.487
SLU-PZ03_1 722841.815 6172318.317 2.577
SLU-PZ03_2 722841.815 6172318.317 2.577
SLU-PZ04_1 722917.096 6172481.923 1.768
SLU-PZ04_2 722917.096 6172481.923 1.768
SLU-PZ05_1 723144.017 6172432.699 2.162
SLU-PZ05_2 723144.017 6172432.699 2.162
SLU-PZ07_1 723105.071 6172162.736 2.109
SLU-PZ07_2 723105.071 6172162.736 2.109
SLU-RW06 723075.736 6172357.601 2.276
SLU-RW14 723056.112 6172270.564 2.266
SLU-AW01 723000.771 6172360.708 2.937
SLU-AW04 723009.381 6172354.084 3.449
SLU-AW05 723013.049 6172369.565 2.798
SLU-AW06 723019.673 6172355.028 3.349
SLU-AW09 723023.546 6172370.803 3.145
SLU-AW11 723035.777 6172371.970 3.210
SLU-AW12 723039.941 6172357.580 3.592
SLU-AW14 723051.661 6172358.697 3.065
SLU-AW15 723048.024 6172372.939 3.334
SLU-AW18 723058.750 6172367.006 3.149
SLU-IPZ01 723002.385 6172368.805 3.008
SLU-IPZ02 723030.376 6172356.383 3.120
SLU-IPZ03 723056.585 6172374.073 2.843
SLU-RW01 722976.566 6172376.464 1.937
SLU-RW02 722993.073 6172378.889 2.402
SLU-RW03 723013.723 6172380.985 2.372
SLU-RW04 723040.580 6172384.596 2.460
SLU-RW05 723064.878 6172384.977 2.358
SLU-RW07 723026.166 6172299.872 2.378
SLU-RW08 723082.885 6172343.333 2.267
SLU-RW09 723079.476 6172335.995 2.333
SLU-RW10 723078.219 6172313.089 2.133
SLU-RW11 723067.568 6172301.466 2.118
SLU-RW12 723069.178 6172294.583 2.118
SLU-RW13 723061.878 6172286.505 2.198
SLU-RW15 723048.309 6172276.291 2.128
SLU-RW16 723034.015 6172285.536 2.311
SLU-RW17 723014.571 6172296.653 2.407
SLU-RW18 723002.858 6172315.651 2.413
SLU-RW19 723017.386 6172338.082 2.424
SLU-RW20 723018.503 6172310.179 2.378
