HOL-AW01 723832.409 6174139.716 2.763
HOL-AW04 723850.265 6174131.957 2.662
HOL-AW05 723835.030 6174126.091 2.107
HOL-AW08 723842.834 6174140.550 2.178
HOL-AW09 723842.429 6174117.366 2.040
HOL-AW13 723850.510 6174108.417 2.351
HOL-AW14 723865.455 6174114.469 2.059
HOL-AW17 723857.692 6174100.176 2.480
HOL-IPZ01 723827.578 6174134.855 2.214
HOL-IPZ02 723857.729 6174123.063 2.155
HOL-PZ04_1 723855.313 6174133.593 2.003
HOL-PZ04_2 723855.313 6174133.593 2.003
HOL-PZ06_1 723942.387 6174054.866 2.114
HOL-PZ06_2 723942.387 6174054.866 2.114
HOL-PZ07_1 723867.274 6173941.663 2.183
HOL-PZ07_2 723867.274 6173941.663 2.183
HOL-PZ07bis_1 723856.876 6174094.240 2.153
HOL-PZ07bis_2 723856.876 6174094.240 2.153
HOL-PZ08_1 723799.120 6174102.004 2.201
HOL-PZ08_2 723799.120 6174102.004 2.201
HOL-RW02 723851.225 6174172.643 1.871
HOL-RW03 723848.747 6174165.083 1.812
HOL-RW04 723863.435 6174140.473 1.907
HOL-RW05 723869.068 6174133.842 1.801
HOL-RW06 723875.360 6174124.960 1.792
HOL-RW07 723887.114 6174121.125 2.015
HOL-RW08 723887.924 6174110.587 2.127
HOL-RW09 723896.012 6174090.428 2.101
HOL-RW10 723897.071 6174083.539 1.947
HOL-RW11 723889.491 6174074.504 2.157
HOL-RW12 723872.873 6174070.627 2.496
HOL-RW13 723862.948 6174074.957 2.358
HOL-RW14 723856.964 6174081.117 2.116
HOL-RW15 723846.612 6174093.522 2.056
HOL-RW16 723842.223 6174103.473 1.902
HOL-RW17 723837.927 6174109.183 1.964
HOL-RW18 723851.732 6174087.402 2.033
HOL-RW19 723822.993 6174127.350 1.903
HOL-RW20 723816.811 6174134.651 1.913
HOL-Flow_I 723822.085 6174128.412 1.930
HOL-Flow_O 723822.085 6174128.412 1.930
HOL-Flow_S_before 723822.085 6174128.412 1.930
HOL-Flow_S_after 723822.085 6174128.412 1.930
HOL-Flow_F 723822.085 6174128.412 1.930

