FW 721482.254 6172832.477 4.073
GAB-AW01 721396.545 6172888.552 2.035
GAB-AW03 721408.489 6172875.494 2.196
GAB-AW04 721409.900 6172889.562 2.233
GAB-AW05 721419.035 6172869.487 2.021
GAB-AW06 721420.293 6172883.791 2.097
GAB-AW07 721430.119 6172862.918 1.941
GAB-AW08 721430.835 6172877.681 2.171
GAB-AW09 721420.876 6172882.049 2.118
GAB-AW10 721454.141 6172868.917 1.855
GAB-AW11 721439.604 6172857.306 1.939
GAB-AW12 721465.089 6172864.121 1.926
GAB-AW13 721450.992 6172850.824 2.208
GAB-AW15 721465.271 6172849.548 2.268
GAB-IPZ01 721397.930 6172881.522 1.988
GAB-IPZ02 721441.297 6172871.617 2.085
GAB-IPZ03 721456.596 6172847.254 2.245
GAB-PZ04_1 721411.496 6172895.024 4.017
GAB-PZ04_2 721411.496 6172895.024 4.017
GAB-PZ05_1 721466.711 6172868.917 4.069
GAB-PZ05_2 721466.711 6172868.917 4.069
GAB-PZ06_1 721458.770 6172838.228 4.274
GAB-PZ06_2 721458.770 6172838.228 4.274
GAB-PZ07_1 721377.128 6172891.705 4.194
GAB-PZ07_2 721377.128 6172891.705 4.194
GAB-PZ08_1 721493.180 6173069.824 4.743
GAB-PZ08_2 721493.180 6173069.824 4.743
GAB-PZ09_1 721572.532 6172917.031 3.202
GAB-PZ09_2 721572.532 6172917.031 3.202
GAB-PZ10_1 721500.332 6172694.672 3.243
GAB-PZ10_2 721500.332 6172694.672 3.243
GAB-PZ11_1 721301.539 6172756.696 4.873
GAB-PZ11_2 721301.539 6172756.696 4.873
GAB-RW01 721396.384 6172967.838 4.671
GAB-RW02 721407.774 6172962.246 4.564
GAB-RW05 721444.261 6172942.746 4.354
GAB-RW06 721455.533 6172936.969 4.270
GAB-RW07 721471.401 6172932.812 4.219
GAB-RW08 721297.975 6172935.253 4.506
GAB-RW09 721390.175 6172904.775 4.512
GAB-RW10 721412.997 6172897.808 4.197
GAB-RW12 721452.507 6172883.125 4.125
GAB-RW12 721452.506 6172883.125 4.132
GAB-RW12 721452.508 6172883.125 4.122
GAB-RW13 721469.493 6172873.920 4.212
GAB-RW16 721490.117 6172816.876 3.315
GAB-RW17 721483.828 6172795.456 2.959
GAB-RW18 721473.713 6172795.385 3.133
GAB-RW19 721434.364 6172794.987 3.600
GAB-RW20 721400.565 6172794.667 4.077
GAB-RW21 721369.082 6172811.507 4.598
GAB-RW22 721351.108 6172835.520 4.692
GAB-RW23 721313.298 6172881.398 4.780
GAB-RW24 721286.622 6172914.590 4.640
