NEL-AW01 721130.739 6173129.466 5.465
NEL-AW03 721136.742 6173104.367 6.426
NEL-AW04 721141.231 6173120.586 6.371
NEL-AW06 721163.248 6173101.755 6.613
NEL-AW07 721147.920 6173095.009 4.650
NEL-AW08 721174.419 6173092.190 5.217
NEL-AW12 721185.318 6173082.654 6.625
NEL-AW13 721191.982 6173056.843 5.097
NEL-AW14 721196.486 6173073.113 6.315
NEL-AW16 721206.896 6173054.800 6.518
NEL-IPZ01 721125.684 6173113.801 6.628
NEL-IPZ02 721152.309 6173111.074 5.569
NEL-IPZ04 721207.970 6173063.248 4.614
NEL-AW01 721130.769 6173129.514 5.489
NEL-AW09 721158.681 6173085.358 6.096
NEL-AW11 721180.969 6173066.047 4.867
NEL-AW17 721164.874 6173106.668 5.563
NEL-AW18 721175.732 6173100.012 5.679
NEL-IPZ03 721169.836 6173075.733 5.280
NEL-PZ01 721146.709 6173124.242 4.705
NEL-PZ02 721216.944 6173065.109 4.667
NEL-PZ03 721163.089 6173074.168 5.052
NEL-PZ04 721088.238 6173287.065 6.371
NEL-PZ05 721266.473 6173177.236 4.819
NEL-RW01 721061.738 6173177.606 4.632
NEL-RW02 721078.951 6173169.306 4.936
NEL-RW03 721108.606 6173150.500 5.101
NEL-RW04 721125.583 6173140.808 4.849
NEL-RW05 721151.205 6173123.874 4.789
NEL-RW06 721180.885 6173105.992 4.750
NEL-RW07 721194.927 6173097.410 4.743
NEL-RW08 721214.850 6173084.774 4.823
NEL-RW09 721230.220 6173071.101 4.722
NEL-RW10 721081.662 6173148.435 4.959
NEL-RW11 721240.770 6173047.916 5.309
NEL-RW12 721212.462 6173026.299 5.633
NEL-RW13 721198.796 6173034.388 5.585
NEL-RW14 721185.353 6173042.144 5.282
NEL-RW16 721147.807 6173075.678 5.012
NEL-RW17 721127.969 6173091.587 4.961
NEL-RW18 721111.734 6173105.382 4.538
NEL-RW19 721106.779 6173116.763 4.728
NEL-RW20 721094.232 6173136.958 5.209
NEL-RW15 721169.113 6173058.796 4.731
NEL-MW02 721331.000 6173005.000 0.000