MOP-AW15 722409.217 6172654.771 5.067
MOP-AW17 722422.643 6172647.386 4.195
MOP-AW19 722336.243 6172693.115 4.374
MOP-AW20 722340.706 6172690.693 4.340
MOP-PZ02_1 722408.037 6172667.561 4.281
MOP-PZ02_2 722408.037 6172667.561 4.281
MOP-PZ05_1 722353.895 6172806.327 3.757
MOP-PZ05_2 722353.895 6172806.327 3.757
MOP-PZ06_1 722481.344 6172718.105 4.055
MOP-PZ06_2 722481.344 6172718.105 4.055
MOP-PZ07_1 722433.187 6172664.712 4.139
MOP-PZ07_2 722433.187 6172664.712 4.139
MOP-PZ08_1 722379.477 6172558.654 4.292
MOP-PZ08_2 722379.477 6172558.654 4.292
MOP-PZ10_1 722335.992 6172662.890 4.602
MOP-PZ10_2 722335.992 6172662.890 4.602
MOP-RW01 722321.569 6172726.204 4.324
MOP-RW02 722336.673 6172717.965 4.369
MOP-RW03 722360.420 6172705.731 4.368
MOP-RW04 722380.520 6172704.029 4.500
MOP-RW07 722392.445 6172694.505 4.519
MOP-RW08 722399.917 6172682.857 4.423
MOP-RW09 722424.286 6172669.000 4.264
MOP-RW10 722441.177 6172660.329 4.054
MOP-RW11 722398.547 6172642.290 4.518
MOP-RW12 722384.851 6172633.402 4.355
MOP-RW13 722375.369 6172630.294 4.448
MOP-RW14 722362.047 6172629.368 4.464
MOP-RW15 722348.816 6172635.424 4.586
MOP-RW16 722336.688 6172644.421 4.758
MOP-RW17 722326.711 6172654.655 4.310
MOP-RW18 722326.177 6172663.570 4.475
MOP-RW19 722320.379 6172672.586 4.551
MOP-RW20 722329.956 6172696.439 4.509
