KK7520U 678068 6398779 32
KK7520O 678068 6398778 32
KK4002U 678015 6398758 32
KK4009U 678029 6398797 32
KK4005U 678019 6398847 32
KK4006M 678019.5 6398847.5 32
KK4016U 678135 6398887 32
KK4010U 678035 6398755 32
KK7515B 678071 6398801 32
KA4001U 321364 6398272 33
KA4005H 678270 6398894 32
KA7508U 678408 6398901 32
KA7520O 678299 6398874 32
KA7527H 678278 6398886 32
KA7529O 678293 6398884 32
KK4011O 0 0 32
KK7535O 678080 6398862 32
KK7536O 678087 6398828 32
KK7537O 678090 6398804 32
KA4003U 678515 6398810 32
KK4008U 0 0 32