EBR-AW01 723725.915 6173296.770 2.163
EBR-AW04 723740.772 6173308.476 2.144
EBR-AW05 723727.313 6173315.010 2.292
EBR-AW07 723735.590 6173331.018 2.289
EBR-AW08 723751.188 6173328.330 2.808
EBR-AW09 723744.898 6173348.150 2.542
EBR-IPZ01 723722.828 6173307.023 2.921
EBR-IPZ02 723754.884 6173335.053 2.688
EBROVK-PZ01_1 723710.923 6173306.557 2.317
EBROVK-PZ01_2 723710.823 6173306.457 2.317
EBROVK-PZ02_1 723816.994 6173434.236 2.538
EBROVK-PZ02_2 723816.994 6173434.236 2.538
EBROVK-PZ03_1 723611.944 6173426.954 2.055
EBROVK-PZ03_2 723611.944 6173426.954 2.055
EBROVK-PZ04_1 723726.887 6173422.383 2.576
EBROVK-PZ04_2 723726.887 6173422.383 2.576
EBROVK-PZ05_1 723869.116 6173599.520 2.234
EBROVK-PZ05_2 723869.116 6173599.520 2.234
EBROVK-PZ06_1 723897.910 6173417.117 2.105
EBROVK-PZ06_2 723897.910 6173417.117 2.105
EBROVK-PZ08_1 723806.396 6173530.299 2.238
EBROVK-PZ08_2 723806.396 6173530.299 2.238
EBROVK-RW01 723704.065 6173297.819 2.290
EBROVK-RW02 723755.786 6173433.582 2.828
EBROVK-RW03 723701.646 6173337.859 2.228
EBROVK-RW04 723719.910 6173360.556 2.351
EBROVK-RW05 723736.987 6173387.658 2.244
EBROVK-RW06 723743.858 6173404.070 2.449
EBROVK-RW07 723750.093 6173419.490 2.559
EBROVK-RW08 723767.014 6173457.730 2.589
EBROVK-RW09 723781.603 6173469.080 2.722
EBROVK-RW10 723760.415 6173444.949 2.670
EBROVK-RW11 723847.023 6173447.887 2.352
EBROVK-RW12 723882.707 6173428.885 2.513
EBROVK-RW13 723862.715 6173410.263 2.153
EBROVK-RW14 723853.349 6173386.108 2.145
EBROVK-RW15 723839.337 6173359.417 1.985
EBROVK-RW16 723832.480 6173334.691 2.142
EBROVK-RW17 723796.554 6173470.804 2.460
EBROVK-RW18 723812.565 6173285.993 2.432
EBROVK-RW19 723791.422 6173291.782 2.267

