MOP-AW01 722348.577 6172686.773 2.093
MOP-AW04 722352.894 6172675.270 2.850
MOP-AW05 722364.783 6172686.030 2.325
MOP-AW06 722363.132 6172669.930 2.924
MOP-AW07 722374.953 6172680.255 2.494
MOP-AW08 722381.455 6172659.966 2.918
MOP-AW09 722384.246 6172675.465 2.229
MOP-AW11 722393.287 6172670.441 2.359
MOP-AW12 722390.718 6172654.660 2.887
MOP-AW14 722403.435 6172656.208 1.426
MOP-AW21 722346.774 6172669.111 2.892
MOP-AW22 722367.202 6172657.812 2.956
MOP-AW23 722382.672 6172649.525 2.383
MOP-AW24 722357.487 6172663.297 2.757
MOP-IPZ01 722356.494 6172690.417 2.314
MOP-IPZ02 722402.264 6172665.169 2.074
MOP-IPZ03 722372.099 6172664.835 2.849
