OVK-IPZ03 723769.077 6173393.657 -0.923
OVK-IPZ04 723796.510 6173413.703 -0.835
OVK-AW01 723753.111 6173364.291 -1.322
OVK-AW02 723765.212 6173354.415 -1.001
OVK-AW03 723761.956 6173380.639 -0.837
OVK-AW04 723774.199 6173371.663 -1.339
OVK-AW06 723781.255 6173384.663 -0.858
OVK-AW07 723775.399 6173405.440 -0.339
OVK-AW08 723788.279 6173398.364 -1.367
OVK-AW09 723782.836 6173419.757 -1.213
OVK-AW10 723806.377 6173432.205 0.614
OVK-AW11 723789.999 6173433.363 -0.492
OVK-AW14 723806.373 6173446.166 0.579

