B1 6185470.611 710417.728 
B2 6185549.009 710420.411 
B3 6185440.791 710459.217 
B4 6185475.996 710479.510 
B6 6185448.523 710558.027 15.191
GB2 6185443.000 710494.000 
MO01 6185499.984 710505.694 15.635
PE04 6185450.075 710460.562 10.192
PE06 6185451.851 710479.157 10.123
PE08 6185465.503 710477.566 10.136
PU1 6185471.816 710418.054 15.556
PU2 6185423.219 710407.702 14.515
PU3 6185476.000 710415.000 
PU4 6185431.688 710451.970 14.122
PU5 6185477.759 710460.914 15.804
PU6 6185436.625 710480.581 14.478
PU7 6185481.874 710496.112 13.858
PU8 6185436.531 710496.111 14.771
PU9 6185436.730 710496.073 14.766
