P06-500 725311.127 6177721.932 0
P06-503 725416.0261 6177793.189 0
P06-303_1 725367.2058 6177673.549 0
P06-303_2 725367.2058 6177673.549 0
P06-308_1 725432.2258 6177770.396 0
P06-308_2 725432.2258 6177770.396 0
P06-311_1 725414.1041 6177568.227 0
P06-311_2 725414.1041 6177568.227 0
P06.105 725465.0226 6177615.322 0
P06.106 725464.604 6177616.062 0
Re04 725417.8863 6177739.602 0
Re05 725424.1366 6177747.328 0
Re06 725434.8894 6177759.588 0
Re08 725419.8907 6177710.615 0
Re12 725354.0058 6177684.801 0
Re13 725342.7117 6177692.935 0
Re17 725361.6275 6177678.273 0
NRe01 725414.0292 6177720.815 0
NRe02 725445.4876 6177746.948 0
Re18 725370.4196 6177671.32 0
NM01 725410.5650 6177703.067 0
NM02 725408.5810 6177698.530 0
NM03 725402.1320 6177687.660 0
NM04 725400.3036 6177688.774 0
NP01 725406.0367 6177687.748 0
NP02 725403.2730 6177689.816 0
NP04 725402.4060 6177701.447 0
NP05 725412.3910 6177702.902 0
NP06 725413.3410 6177707.535 0
NP07 725400.7100 6177691.110 0
NP08a 725413.567 6177696.366 0
NP09 725414.3890 6177706.098 0
NP10a 725408.454 6177690.033 0
NM11a 725406.510 6177695.212 0
NP12 725415.6672 6177709.645 0
NP13 725409.3632 6177709.545 0
